1.434541754930140556e+01 1.196311276279815949e+01
1.367496026441888501e+00 1.199428919103342039e+01
-1.336782446376439115e-01 -2.662587760516098578e-01
1.207877200655845940e+01 1.264384358784773710e+01
-1.561343485547379784e+00 1.213945901513333858e+01
1.021992259721671026e+01 1.159787472793724739e+01
-1.336782446376439115e-01 -2.662587760516098578e-01
-9.111390304163438647e-02 7.768604436224273435e+00
3.959550238129744271e-01 1.322924369816871115e+00
-8.235440738885256573e-02 5.168630195490227841e+00
